0.000000000000000000e+00,3.000000000000000000e+00,7.621999999999999886e+01
1.666666666666666574e-01,2.791344000000000047e+00,7.639610356552799431e+01
3.333333333333333148e-01,2.584422723325732196e+00,7.697277038765227530e+01
5.000000000000000000e-01,2.693220257624484582e+00,7.775643607176851901e+01
6.666666666666666297e-01,2.763755050199979912e+00,7.841716067455011796e+01
8.333333333333332593e-01,2.730384718547212319e+00,7.895617219156694944e+01
1.000000000000000000e+00,2.700620348606082022e+00,7.947299065485931635e+01
1.166666666666666519e+00,2.712101416435689583e+00,7.996754738283743791e+01
1.333333333333333259e+00,2.731430732928212368e+00,8.039507439497199925e+01
1.500000000000000000e+00,2.740099350978137949e+00,8.074424906957104042e+01
1.666666666666666519e+00,2.747117681704347891e+00,8.102705847787341042e+01
1.833333333333333259e+00,2.759646460838051762e+00,8.124856129486073542e+01
2.000000000000000000e+00,2.774542201117646822e+00,8.140688349519561484e+01
2.166666666666666519e+00,2.788242822652441610e+00,8.150412171399617023e+01
2.333333333333333037e+00,2.801055197183593304e+00,8.154705477212228004e+01
2.500000000000000000e+00,2.813905040583828399e+00,8.154269319497517188e+01
2.666666666666666519e+00,2.826385853110361612e+00,8.149719535070784104e+01
2.833333333333333037e+00,2.837798434889611254e+00,8.141707643951619389e+01
3.000000000000000000e+00,2.847983580113597313e+00,8.130938852478882950e+01
3.166666666666666519e+00,2.857001102105730883e+00,8.118099281760203212e+01
3.333333333333333037e+00,2.864785506050333108e+00,8.103819036033910095e+01
3.500000000000000000e+00,2.871233997414443628e+00,8.088677184269755571e+01
3.666666666666666519e+00,2.876338657948867894e+00,8.073201383278158971e+01
3.833333333333333037e+00,2.880159030483399718e+00,8.057855802964343184e+01
4.000000000000000000e+00,2.882765028780423400e+00,8.043033849501831867e+01
4.166666666666666075e+00,2.884235790908973751e+00,8.029060349422428544e+01
4.333333333333333037e+00,2.884679600763723872e+00,8.016192201386067495e+01
4.500000000000000000e+00,2.884216674069245201e+00,8.004622382045384654e+01
4.666666666666666075e+00,2.882980716729625303e+00,7.994482609136406381e+01
4.833333333333333037e+00,2.881104675946773774e+00,7.985849104816738020e+01
5.000000000000000000e+00,2.878723978416390494e+00,7.978748116473128960e+01
5.166666666666666075e+00,2.875969579194482595e+00,7.973161547463816134e+01
5.333333333333333037e+00,2.872963274669873002e+00,7.969034815442515196e+01
5.500000000000000000e+00,2.869822704739833252e+00,7.966282330820796176e+01
5.666666666666666075e+00,2.866650789487086293e+00,7.964793599857914330e+01
5.833333333333333037e+00,2.863536584487500480e+00,7.964439721203976319e+01
6.000000000000000000e+00,2.860556783019279958e+00,7.965079221002147847e+01
6.166666666666666075e+00,2.857774433005653147e+00,7.966563234056485499e+01
6.333333333333333037e+00,2.855238271182462650e+00,7.968740275311058952e+01
6.500000000000000000e+00,2.852983518011403152e+00,7.971460514530086527e+01
6.666666666666666075e+00,2.851032896392114324e+00,7.974579554311824836e+01
6.833333333333333037e+00,2.849398071808707300e+00,7.977961516745962456e+01
7.000000000000000000e+00,2.848080633978355092e+00,7.981481494549565525e+01
7.166666666666666075e+00,2.847073363626733578e+00,9.797084139639939337e+01
7.333333333333333037e+00,1.000000000000000000e+01,1.030292601998551163e+02
7.500000000000000000e+00,6.215939270563709762e+00,1.010542058859936247e+02
7.666666666666666075e+00,4.164827364285375921e+00,9.407854238175733030e+01
7.833333333333333037e+00,2.382614154823739394e+00,8.410897383719203901e+01
8.000000000000000000e+00,9.163177404111073621e-01,7.865739050068684435e+01
8.166666666666666075e+00,2.087043026358149866e+00,7.872499747826509520e+01
8.333333333333332149e+00,3.895270717144990957e+00,7.803031164225653527e+01
8.500000000000000000e+00,3.568210413354889088e+00,7.561389628738227486e+01
8.666666666666666075e+00,2.783883160805338708e+00,7.473543888679445502e+01
8.833333333333332149e+00,3.147896062269580408e+00,7.450331295723046310e+01
9.000000000000000000e+00,3.248008652573781241e+00,7.416656031999623622e+01
9.166666666666666075e+00,3.087432251306000186e+00,7.409702946055158179e+01
9.333333333333332149e+00,3.063483342742711724e+00,7.422280286465971244e+01
9.500000000000000000e+00,3.028810379447900658e+00,7.444994589490262626e+01
9.666666666666666075e+00,2.972801299359359106e+00,7.472637669772366564e+01
9.833333333333332149e+00,2.907349721191071268e+00,7.513981936391056138e+01
1.000000000000000000e+01,2.886122761807311754e+00,7.560832327154356847e+01
1.016666666666666607e+01,2.849413608872009451e+00,7.590782570026576082e+01
1.033333333333333215e+01,2.734676846007103368e+00,7.635310251012016636e+01
1.050000000000000000e+01,2.740433687128263962e+00,7.686798360289544974e+01
1.066666666666666607e+01,2.734278960246132595e+00,7.715642952341629268e+01
1.083333333333333215e+01,2.622884149239072649e+00,7.760810375155379859e+01
1.100000000000000000e+01,2.657866891143489951e+00,7.801427955185502583e+01
1.116666666666666607e+01,2.628681459774876217e+00,7.822666245659837614e+01
1.133333333333333215e+01,2.543591378309350226e+00,7.866588583305262716e+01
1.150000000000000000e+01,2.618418372248441983e+00,7.899779699226952800e+01
1.166666666666666607e+01,2.582757526545965465e+00,7.915002039449744586e+01
1.183333333333333215e+01,2.516008048492948124e+00,7.951642890082345616e+01
1.200000000000000000e+01,2.598274196294582339e+00,7.982226512162138476e+01
1.216666666666666607e+01,2.591824492953562320e+00,7.998426616571775583e+01
1.233333333333333215e+01,2.552839237513332638e+00,8.024131823922716933e+01
1.250000000000000000e+01,2.602949668514431103e+00,8.058303955567028254e+01
1.266666666666666607e+01,2.660583066266066332e+00,8.076589482966106459e+01
1.283333333333333215e+01,2.632152708995909141e+00,8.098507932434148415e+01
1.300000000000000000e+01,2.674409390562558553e+00,8.121094085007548813e+01
1.316666666666666607e+01,2.711369691109412727e+00,1.008142704078680225e+02
1.333333333333333215e+01,1.000000000000000000e+01,1.060435855805313281e+02
1.350000000000000000e+01,6.218477502775327181e+00,1.010538515291420794e+02
1.366666666666666607e+01,2.945885948268653465e+00,9.704510260420333623e+01
1.383333333333333215e+01,3.363135169409783742e+00,8.695213813768839373e+01
1.400000000000000000e+01,9.188306852216179266e-01,8.259322188208042803e+01
1.416666666666666607e+01,2.625050557994699219e+00,8.004033856470736907e+01
1.433333333333333215e+01,3.083031737609725820e+00,7.907991577699715435e+01
1.450000000000000000e+01,3.540509777449208695e+00,7.768354706930016107e+01
1.466666666666666607e+01,3.276422202159832597e+00,7.587773613629013880e+01
1.483333333333333215e+01,2.965284518541742464e+00,7.521945019121667997e+01
1.500000000000000000e+01,3.221045293896667605e+00,7.500905328783710502e+01
1.516666666666666607e+01,3.265938815935330197e+00,7.469756368798169888e+01
1.533333333333333215e+01,3.117697860809379939e+00,7.461605963050533319e+01
1.550000000000000000e+01,3.090305545673921017e+00,7.471214937806529122e+01
1.566666666666666607e+01,3.057132316523662130e+00,7.494144566378275840e+01
1.583333333333333215e+01,3.020830077146637205e+00,7.522789074703079848e+01
1.600000000000000000e+01,2.967762717229419867e+00,7.551600099202183003e+01
1.616666666666666430e+01,2.901712322575408454e+00,7.582795199319356527e+01
1.633333333333333215e+01,2.850062392961895785e+00,7.623043660926890652e+01
1.650000000000000000e+01,2.832904310635876666e+00,7.668197821903729050e+01
1.666666666666666430e+01,2.813025483036517560e+00,7.694289152878525329e+01
1.683333333333333215e+01,2.708041008897486890e+00,7.726151310258777016e+01
1.700000000000000000e+01,2.694353737913868230e+00,7.771962527516190278e+01
1.716666666666666430e+01,2.723881921216102509e+00,7.787041927656665052e+01
1.733333333333333215e+01,2.591237686491167924e+00,7.824245224150331524e+01
1.750000000000000000e+01,2.652709372121102582e+00,7.856451124291470478e+01
1.766666666666666430e+01,2.627522659149073458e+00,7.866541180010393930e+01
1.783333333333333215e+01,2.535288270301451874e+00,7.899643915195902366e+01
1.800000000000000000e+01,2.611313454913227527e+00,7.930140818633964273e+01
1.816666666666666430e+01,2.606663141492147062e+00,7.940610619150032790e+01
1.833333333333333215e+01,2.535185060422978420e+00,7.970274058298508635e+01
1.850000000000000000e+01,2.609659036710395785e+00,7.994927048733767094e+01
1.866666666666666430e+01,2.605739458259497265e+00,8.014177453513910621e+01
1.883333333333333215e+01,2.601080969454954150e+00,8.040996110066754454e+01
1.900000000000000000e+01,2.648494201995589492e+00,8.065884093443136749e+01
1.916666666666666430e+01,2.667960652452450621e+00,1.001268585728111589e+02
1.933333333333333215e+01,1.000000000000000000e+01,1.053353377442915786e+02
1.950000000000000000e+01,6.138892791503425705e+00,1.029063386773843973e+02
1.966666666666666430e+01,3.896755882120044312e+00,9.571030849178825406e+01
1.983333333333333215e+01,2.209763985614286774e+00,8.566561287746218056e+01
2.000000000000000000e+01,8.160660746534458276e-01,8.042554200020315136e+01
2.016666666666666430e+01,2.125935847949042667e+00,8.034351402853624791e+01
2.033333333333333215e+01,3.836072372370233907e+00,7.939398889688052918e+01
2.050000000000000000e+01,3.485192921417145762e+00,7.675482977583753552e+01
2.066666666666666430e+01,2.720193428525904178e+00,7.575914289354167863e+01
2.083333333333333215e+01,3.131517747337405844e+00,7.547865766208336424e+01
2.100000000000000000e+01,3.269717050300632533e+00,7.508723472619784900e+01
2.116666666666666430e+01,3.120973055495502191e+00,7.492485538957072322e+01
2.133333333333333215e+01,3.094486295356166039e+00,7.502158312550608343e+01
2.150000000000000000e+01,3.094039058321804703e+00,7.521460274882329600e+01
2.166666666666666430e+01,3.048534305208135287e+00,7.550233483280138103e+01
2.183333333333333215e+01,3.013028844138149420e+00,7.584725468305781249e+01
2.200000000000000000e+01,2.974598494231956103e+00,7.618699467048108431e+01
2.216666666666666430e+01,2.921477272904233313e+00,7.659642528512910076e+01
2.233333333333333215e+01,2.904533603816012111e+00,7.699513708625599406e+01
2.250000000000000000e+01,2.867702946587130430e+00,7.736014234005020285e+01
2.266666666666666430e+01,2.828114247176912510e+00,7.769934035766556235e+01
2.283333333333333215e+01,2.795958483707889020e+00,7.807552910557541281e+01
2.300000000000000000e+01,2.793565168008635524e+00,7.818878065802343258e+01
2.316666666666666430e+01,2.679405418674440487e+00,7.849240755147995685e+01
2.333333333333333215e+01,2.731478235082487327e+00,7.876031912538925894e+01
2.350000000000000000e+01,2.711627912035403210e+00,7.882647691476775265e+01
2.366666666666666430e+01,2.626866143804220677e+00,7.898216913497886082e+01
2.383333333333333215e+01,2.646386069935245722e+00,7.922888176157438522e+01
2.400000000000000000e+01,2.675961989930805363e+00,7.918150387914873534e+01
